0.00572946
0.00574447
0.00563886
0.00689976
0.00862682
0.00732353
0.00567417
0.00689298
0.00905051
0.0081275
0.00847137
0.008362
0.00776565
0.00787386
0.00843058
0.00856645
0.0083037
0.00884485
0.0077418
0.00750917
0.00859056
0.00840267
0.0085134
0.00782052
0.00770413
0.00863779
0.00845076
0.00882562
0.00734892
0.0084515
0.00771
0.00776335
0.00873158
0.00812665
0.00851077
0.00785909
0.00767873
0.00865476
0.00822352
0.00842925
0.00855534
0.00788103
0.00772262
0.00863961
0.00819863
0.00847149
0.0072025
0.00740083
0.00898722
0.00860074
0.00801693
0.00867999
0.00850946
0.00831195
0.00693793
0.0102247
0.00590489
0.00945302
0.00751997
0.00850174
0.00770771
0.0078234
0.00872078
0.00819439
0.00882992
0.00619086
0.00870677
0.00848397
0.00820346
0.00871761
0.00693241
0.0074383
0.00899938
0.00815482
0.00830591
0.0085309
0.00808032
0.00857666
0.00774067
0.00760962
0.00838035
0.00833677
0.00853814
0.0078482
0.00770912
0.00864714
0.00838829
0.00776486
0.00621264
0.00876091
0.00853482
0.00812191
0.0088019
0.00587404
0.0099093
0.00566422
0.00832817
0.00948369
0.00569418
0.00994874
0.00711458
0.00826622
0.00664579
0.00987391
0.0057103
0.00955379
0.00569279
0.00785497
0.00927379
0.00676259
0.00734629
0.0107595
0.0056821
0.00974358
0.00568105
0.00887133
0.00811303
0.00732025
0.0071346
0.00918161
0.00822173
0.0079731
0.0084793
0.00830402
0.00884806
0.00625546
0.00850741
0.00854529
0.00826364
0.00850176
0.00829809
0.0084953
0.00768773
0.00782171
0.00867841
0.00817375
0.00850202
0.00776716
0.0075227
0.00854007
0.00843285
0.0084849
0.00831234
0.00856117
0.00770305
0.00779522
0.00869427
0.00836804
0.00852595
0.00782373
0.00883423
0.00567319
0.00912646
0.00819749
0.00825093
0.00781629
0.00781435
0.0086512
0.00854396
0.00823925
0.00851589
0.00829292
0.0077076
0.00792012
0.00847531
0.00833571
0.0084933
0.00776806
0.0077345
0.00870097
0.00569459
0.00576903
0.00731453
0.00570403
0.00650113
0.00653886
0.00633931
0.00658115
0.00575314
0.0068534
0.00672123
0.0062436
0.00652714
0.00661772
0.005735
0.00693069
0.00682283
0.00622624
0.0066886
0.00666668
0.00574167
0.00696547
0.00691862
0.00643543
0.00678012
0.0065686
0.00643926
0.00653092
0.0068307
0.00674768
0.00678731
0.00685157
0.00577119
0.00709557
0.00696464
0.00640779
0.00691878
0.00685846
0.00578314
0.00713958
0.00698803
0.00652977
0.00693203
0.00690382
0.00576764
0.00712316
0.00699297
0.00647495
0.00692226
0.00677943
0.00582161
0.0072755
0.00695116
0.00641538
0.00695902
0.00677254
0.00579717
0.00730251
0.00698379
0.00650799
0.00681549
0.00685981
0.00578612
0.00718546
0.00581917
0.00645644
0.00689484
0.00677933
0.00582254
0.00709147
0.00688713
0.00639962
0.00678651
0.0067767
0.00582957
0.00715194
0.00685834
0.00670142
0.00717085
0.00608974
0.00706395
0.00709037
0.00640465
0.00685584
0.00674206
0.0070129
0.0061062
0.00733706
0.00687919
0.006436
0.00686932
0.00606966
0.00703869
0.00698693
0.00647154
0.00687225
0.0067556
0.00606277
0.00719492
0.00774073
0.00585709
0.00699422
0.00584651
0.00646374
0.00714914
0.00586259
0.00697667
0.00662872
0.00643771
0.00586447
0.00689555
0.00679177
0.00617898
0.00661391
0.00663576
0.00586105
0.00676067
0.00677592
0.00620989
0.00661617
0.00651277
0.00585565
0.00676332
0.00678121
0.00618292
0.00653558
0.00662822
0.00586406
0.00678239
0.00675805
0.00619841
0.0066412
0.00652232
0.00584697
0.00688437
0.00677691
0.0061985
0.00665794
0.00652713
0.00584671
0.00670735
0.00670362
0.00620799
0.00655428
0.00649328
0.00584116
0.00671498
0.00671054
0.0061877
0.00653635
0.0064966
0.00585851
0.00671536
0.00671024
0.00621935
0.0065366
0.00650666
0.0058961
0.00672181
0.00673128
0.006279
0.00653311
0.00588179
0.00659933
0.00682573
0.0058576
0.00691993
0.00588834
0.00620554
0.00717457
0.00584858
0.00671267
0.00660011
0.00628489
0.00655639
0.00589417
0.00671987
0.00670228
0.00622275
0.00654489
0.00648444
0.00587833
0.00675593
0.00668254
0.00622725
0.00654355
0.00586915
0.00660154
0.00685651
0.00625748
0.00653049
0.0065013
0.00644118
0.0058709
0.0067342
0.00668824
0.00622697
0.00656891
0.00646234
0.00585565
0.006961
0.00668633
0.00612192
0.00653512
0.00656783
0.005865
0.00678845
0.00674476
0.00619909
0.00654218
0.00589472
0.0066507
0.00662774
0.00585885
0.00713123
0.00587366
0.00619691
0.00718456
0.00586229
0.00670619
0.00662259
0.00641114
0.00660328
0.00585918
0.00678903
0.00677486
0.00622369
0.00653628
0.00663213
0.00587428
0.00674205
0.0066677
0.00622081
0.00653894
0.00649179
0.00586394
0.0069307
0.00666731
0.00614016
0.0066455
0.00652313
0.0058415
0.00692195
0.00667866
0.00608762
0.00647629
0.0058636
0.00661577
0.0069894
0.00583139
0.00693269
0.00584811
0.00626393
0.00698578
0.0058685
0.00686073
0.00651381
0.00637069
0.00659137
0.00587498
0.00679418
0.00673985
0.00621289
0.00655762
0.00657637
0.00585985
0.00693078
0.00673277
0.00621331
0.00665185
0.00583728
0.0067022
0.00688047
0.0061866
0.00653259
0.00657566
0.00659444
0.00587083
0.00675643
0.00663217
0.00618943
0.00655157
0.00583997
0.00669616
0.00646852
0.00585594
0.00703466
0.0058829
0.00624188
0.00716979
0.00587351
0.00678105
0.0065071
0.00627476
0.00660633
0.00584503
0.00675004
0.00670584
0.00629645
0.00655226
0.0058603
0.00671409
0.00691405
0.00625378
0.00662533
0.00653417
0.00668398
0.0058298
0.00681302
0.00671648
0.00622096
0.00663181
0.00584859
0.0066985
0.00695407
0.00585689
0.00714816
0.00587414
0.00628188
0.00750022
0.00582542
0.00676083
0.00672459
0.00647852
0.00671603
0.00585393
0.00702839
0.00673775
0.00619906
0.0066734
0.00584935
0.00669851
0.00689922
0.00631392
0.00666006
0.00661884
0.00673115
0.00583997
0.00700673
0.00674453
0.00627351
0.00713983
0.00590833
0.00761389
0.00583845
0.00691697
0.00680776
0.00657098
0.00687292
0.0058411
0.00700117
0.00640822
0.00582395
0.00765052
0.00583798
0.00649152
0.00707758
0.00646414
0.00675102
0.0066836
0.00670619
0.00582164
0.00710305
0.00686585
0.00636386
0.00581836
0.00580963
0.00579096
0.00607789
0.00673726
0.00680426
0.00671473
0.00688695
0.00580319
0.00710726
0.0068696
0.00635666
0.00709
0.006061
0.00707044
0.00679008
0.00606506
0.00758288
0.00602859
0.00659932
0.00756312
0.00602248
0.00711488
0.00682526
0.00664075
0.00692118
0.00605723
0.00710697
0.00693556
0.00667314
0.00696019
0.00605218
0.00695206
0.00706186
0.00658365
0.00692411
0.00682268
0.00680452
0.00603896
0.00739475
0.00683074
0.00636192
0.00690644
0.0060905
0.00700873
0.00708278
0.00649034
0.00686799
0.0067842
0.0060531
0.00721769
0.00702764
0.00633732
0.00684762
0.00686927
0.00595518
0.0068985
0.00693572
0.00632766
0.00665859
0.0065996
0.00669706
0.00581671
0.00704771
0.00678993
0.00636236
0.00668647
0.00671479
0.00583541
0.00713521
0.00679048
0.00629163
0.00680834
0.00579809
0.00699545
0.00703816
0.00634041
0.00674016
0.00665241
0.00669181
0.00578995
0.00714168
0.006831
0.00635572
0.00679669
0.00662817
0.00580088
0.00727046
0.00675058
0.00629786
0.00679926
0.00676701
0.00581599
0.00732781
0.0067571
0.0062003
0.00679569
0.00677394
0.00580487
0.00714567
0.00685393
0.00633353
0.0068161
0.00704559
0.00591013
0.00716814
0.00684011
0.00637332
0.00682949
0.00677873
0.0058494
0.00725132
0.00686068
0.00649356
0.00687268
0.00611855
0.010701
0.00582428
0.00581864
0.00690442
0.00692336
0.00684293
0.005845
0.00736289
0.00685375
0.00642624
0.00682645
0.00676276
0.00581365
0.00731948
0.00685353
0.00644811
0.00699649
0.00580754
0.00707218
0.0071324
0.00646288
0.00682286
0.00677081
0.00685071
0.00579558
0.00735184
0.00676949
0.00638325
0.0069513
0.00582407
0.0070764
0.00705291
0.00638077
0.00690505
0.0067651
0.00683726
0.00578174
0.00736662
0.0068417
0.00645854
0.00696883
0.00580372
0.00705967
0.0071076
0.00644697
0.00693445
0.00690782
0.00685148
0.00586239
0.00738113
0.00685276
0.00649003
0.00696164
0.00578712
0.0070775
0.00710896
0.00648002
0.00694461
0.00680753
0.00684623
0.00581928
0.00739719
0.006833
0.00644819
0.00699097
0.00577288
0.00710835
0.0070902
0.00645649
0.00692417
0.00678491
0.00688573
0.00578815
0.00747418
0.00683315
0.00638201
0.00697919
0.0057994
0.00711686
0.0070087
0.00641071
0.00696428
0.00681313
0.0068669
0.00581254
0.00738288
0.00681108
0.00645533
0.00700797
0.00583919
0.00705669
0.00706723
0.0064814
0.00696671
0.00679638
0.0070042
0.00579909
0.00721729
0.00690846
0.00650993
0.00694943
0.00577541
0.00708561
0.00715003
0.00648626
0.00694319
0.00693931
0.00581292
0.00709914
0.0070788
0.0064724
0.00693008
0.00690754
0.00683267
0.00582167
0.00746512
0.00685479
0.00643979
0.00698237
0.00688979
0.00578689
0.00746748
0.00686698
0.00648003
0.00699219
0.00687195
0.00579108
0.00745281
0.00697728
0.00662595
0.00697785
0.00687919
0.00577491
0.00749789
0.00685641
0.00644311
0.0069518
0.00686467
0.00576272
0.00748353
0.00693559
0.00661609
0.00699188
0.00688143
0.00578546
0.00750456
0.00695144
0.00662109
0.00696777
0.00702751
0.00574194
0.00764375
0.00690829
0.00657271
0.00699912
0.00682815
0.00762247
0.00579449
0.00759411
0.0057898
0.0064201
0.00812642
0.00580178
0.00705441
0.00708439
0.00678713
0.00718406
0.0057703
0.00718443
0.00717357
0.00665112
0.00710239
0.00700607
0.00702371
0.00577227
0.00764378
0.00688449
0.00657945
0.00713529
0.00690071
0.00574993
0.00779398
0.00686942
0.006561
0.00740669
0.00577181
0.00577656
0.00576639
0.00574335
0.00577431
0.00577651
0.00579455
0.00574959
0.0057814
0.00576048
0.00576361
0.00677966
0.00720498
0.00576904
0.00767877
0.00689845
0.006572
0.00714695
0.00577338
0.00747222
0.00723696
0.00661814
0.00708199
0.00706398
0.00698886
0.00576336
0.00775259
0.00695786
0.00662211
0.00712661
0.00691566
0.00577311
0.00770459
0.00691744
0.00662354
0.00712386
0.00698574
0.00788321
0.00579577
0.00761426
0.0068256
0.00689445
0.00719057
0.00575491
0.00768339
0.00694379
0.00664895
0.00720002
0.00576297
0.00748103
0.00713908
0.00654217
0.00713556
0.00707879
0.00685708
0.00667995
0.00725117
0.00702708
0.00714047
0.00648647
0.00606308
0.00749794
0.00707603
0.00686278
0.0071493
0.00709496
0.00718078
0.00575398
0.0076848
0.00692296
0.00662324
0.00716017
0.00698859
0.00576358
0.00777643
0.00661254
0.00575906
0.00840582
0.00574546
0.00694274
0.0073232
0.00691475
0.00716263
0.0070616
0.00687183
0.00668653
0.00725138
0.00704384
0.00711462
0.00703707
0.00720411
0.00576318
0.00770193
0.00689578
0.00676095
0.00715769
0.00704074
0.00573781
0.00791531
0.00685372
0.00660795
0.00715385
0.00694532
0.00670143
0.00724888
0.00702505
0.00714265
0.00705606
0.00721299
0.00578761
0.00766775
0.00689986
0.00664288
0.00718675
0.00571766
0.00752649
0.00717937
0.00676091
0.0071406
0.00706898
0.00683186
0.0067742
0.00732859
0.00702959
0.00709397
0.00707483
0.00717025
0.00575841
0.00799685
0.00683741
0.00663194
0.00714723
0.00722986
0.0057751
0.00800249
0.00683365
0.00659059
0.0071261
0.00692256
0.00669108
0.00723976
0.00702591
0.00709979
0.00717772
0.00704661
0.0057737
0.00802469
0.00683821
0.00672135
0.00736601
0.00575902
0.00764713
0.00724803
0.00671146
0.00732722
0.00707238
0.00717245
0.00574568
0.00794779
0.00690482
0.00676771
0.00737661
0.00574791
0.00762543
0.00722977
0.00673979
0.00731078
0.00708321
0.00684036
0.00679605
0.00730499
0.00713274
0.00713491
0.00721311
0.00718255
0.00573661
0.00796138
0.00687708
0.00672905
0.00737077
0.00573924
0.00765281
0.00731952
0.00684653
0.00733299
0.00709202
0.00684421
0.00689323
0.00732593
0.00715766
0.00729511
0.00727724
0.00721062
0.00574054
0.00798527
0.00690401
0.00676661
0.007374
0.00580047
0.00768543
0.00718442
0.00676427
0.00733432
0.00708782
0.00680605
0.00679246
0.00731646
0.00711176
0.00759888
0.00593955
0.0085912
0.00575578
0.00754666
0.00708372
0.00687137
0.00732967
0.0057837
0.00769053
0.0071854
0.00674407
0.00734613
0.00708275
0.00690034
0.0069114
0.00731244
0.00715174
0.00718737
0.00739275
0.00573898
0.00770342
0.0071955
0.00674875
0.00574169
0.0068068
0.00772446
0.00690686
0.00716601
0.0072576
0.00718447
0.00719588
0.00572778
0.00797471
0.0070293
0.00661863
0.00731599
0.00704337
0.00737913
0.00570718
0.0080415
0.00686366
0.00679485
0.00734249
0.00577461
0.00768966
0.00716345
0.00677512
0.00733202
0.00702885
0.00736244
0.00574477
0.00804539
0.00682929
0.00673022
0.00733062
0.00572959
0.00771235
0.00714846
0.00675617
0.00728051
0.00721761
0.00692607
0.00676856
0.00746921
0.0071713
0.00731281
0.00703104
0.00738575
0.00574803
0.00802891
0.00683673
0.00676662
0.00731444
0.00574257
0.00772442
0.00715651
0.00675646
0.00729183
0.00706255
0.00689519
0.00689976
0.00734023
0.00710128
0.00733373
0.00702853
0.0074121
0.00571962
0.00804718
0.00682615
0.00680038
0.00677929
0.0061852
0.00573127
0.00573781
0.00571385
0.0070942
0.00736794
0.00574766
0.00770198
0.00715487
0.00675254
0.00732514
0.00708749
0.00686113
0.00689529
0.00731237
0.00709466
0.00731999
0.00721978
0.00573493
0.007977
0.007075
0.00671331
0.00732761
0.00719947
0.00735064
0.00573991
0.00805521
0.00681016
0.006773
0.00736812
0.00573018
0.00802225
0.00698168
0.00664897
0.00731891
0.00722895
0.00574782
0.00799256
0.00706186
0.00668796
0.00729862
0.00706851
0.00782492
0.00568686
0.00796746
0.00676693
0.00680322
0.00736944
0.00575841
0.0077695
0.00708989
0.00675006
0.00727819
0.00719347
0.00571121
0.00802107
0.00708396
0.00671749
0.00732894
0.00703765
0.00676544
0.00741728
0.00719368
0.00726778
0.00724798
0.00720912
0.00573735
0.00790234
0.00709216
0.00681909
0.00736228
0.00703748
0.00683765
0.00689611
0.00734785
0.00728464
0.007166
0.00719232
0.00572784
0.0080739
0.00705052
0.00671683
0.00726748
0.00723374
0.00574397
0.008073
0.00704453
0.00670763
0.00732375
0.00721277
0.00574209
0.00805048
0.00704473
0.00675083
0.00730142
0.00724023
0.00574601
0.00806153
0.00701461
0.00671092
0.00729829
0.00719723
0.00572191
0.00808645
0.00703699
0.00672761
0.00735016
0.00703497
0.00807715
0.00572158
0.00801726
0.00672333
0.00696752
0.00737232
0.00570911
0.00808407
0.00709585
0.00668158
0.00728699
0.00717925
0.00571215
0.00804057
0.00699586
0.00672287
0.00730592
0.0069922
0.00672094
0.00740492
0.00730074
0.00713279
0.00736036
0.00723058
0.0057598
0.00805076
0.00698648
0.00671491
0.00730605
0.00722307
0.00575071
0.00807099
0.00699953
0.00672746
0.00734176
0.00705819
0.00675336
0.00740059
0.0073213
0.00731951
0.00721144
0.00735192
0.00575857
0.00809161
0.00698838
0.00670441
0.00730422
0.00701961
0.00678779
0.00742355
0.00719346
0.00728742
0.00721438
0.00737619
0.00573785
0.00811186
0.00699073
0.00671556
0.00730185
0.0072151
0.0057481
0.0081211
0.00696342
0.00675284
0.00732629
0.00704376
0.00676481
0.00739481
0.00732733
0.00718471
0.00738078
0.00721603
0.00572244
0.00812097
0.00697968
0.00675593
0.00732724
0.0071527
0.00576502
0.00813541
0.00693463
0.00675542
0.00733254
0.0070188
0.00673485
0.00742951
0.00733366
0.00733709
0.00720384
0.00736606
0.00572185
0.00809866
0.00696897
0.00672186
0.00735503
0.00717108
0.0057354
0.00814257
0.00691502
0.00671946
0.0073135
0.00702594
0.00674736
0.00745031
0.00721633
0.00733373
0.00722762
0.00715441
0.00572791
0.0081513
0.00685803
0.00670553
0.00731061
0.00702865
0.006793
0.00729529
0.00725023
0.00718409
0.00717379
0.00690449
0.00676433
0.00742842
0.00721
0.00733083
0.00706169
0.00737794
0.00619454
0.00786244
0.00693703
0.00693499
0.00740157
0.00573532
0.00769184
0.00718674
0.00673119
0.00716799
0.00719634
0.00575174
0.00770827
0.00718411
0.00671621
0.00730032
0.00705032
0.00741054
0.0057383
0.00801779
0.00687381
0.00679786
0.00734419
0.00573992
0.00766125
0.0071545
0.00679718
0.00734618
0.00702229
0.00738078
0.005747
0.0081072
0.00683083
0.0067706
0.00734143
0.0057777
0.00767463
0.00717898
0.00677818
0.00730574
0.00706781
0.00679941
0.00679417
0.00732636
0.00713831
0.00715079
0.00722281
0.00576536
0.00770819
0.00714299
0.00674345
0.00718169
0.00705026
0.00574106
0.0078371
0.00698763
0.00655439
0.00711825
0.0070374
0.00575071
0.00787752
0.00696157
0.00658896
0.00711141
0.00696429
0.00760839
0.0057792
0.00782288
0.00574409
0.00576231
0.00575445
0.00576722
0.00577523
0.00574393
0.00575502
0.00575479
0.005757
0.00579196
0.00700192
0.00717367
0.00704258
0.00705385
0.00703365
0.00576156
0.00788417
0.00694238
0.00655734
0.00714789
0.00705021
0.00577039
0.00772539
0.00699489
0.00661761
0.00714028
0.00706002
0.00576241
0.00760471
0.00699855
0.00662702
0.00714702
0.00691127
0.00577796
0.00772461
0.00691588
0.00658763
0.00713577
0.00578388
0.00724246
0.00720232
0.00663267
0.00712087
0.00692136
0.00716633
0.00578332
0.00753492
0.00685024
0.00657681
0.00716418
0.00578045
0.00722647
0.00717666
0.00720127
0.0057856
0.0080899
0.00578687
0.00687771
0.00728174
0.00679865
0.00710116
0.00694438
0.00676027
0.00789572
0.00578529
0.00756941
0.0067558
0.00667993
0.00703157
0.00578957
0.00750949
0.00689173
0.00704317
0.00587407
0.00828912
0.00577479
0.00708078
0.00704077
0.00689064
0.0070399
0.00680993
0.00661884
0.00713682
0.00697705
0.00697462
0.00702915
0.0070144
0.00578686
0.00750744
0.00690132
0.00663659
0.00701678
0.00577313
0.00743964
0.00714317
0.00656196
0.00708209
0.0069245
0.00718897
0.0057641
0.00765655
0.00650196
0.00578933
0.00838745
0.00577304
0.00695823
0.00737201
0.00685758
0.00717457
0.00690552
0.00724711
0.00761585
0.00571956
0.00784237
0.0057491
0.00661926
0.00835245
0.00576697
0.00732775
0.00708743
0.00684695
0.00730466
0.00706698
0.00573868
0.00795811
0.00696849
0.00675784
0.0071223
0.00695715
0.00676474
0.00733142
0.00713718
0.0071443
0.00718414
0.00719617
0.00576297
0.00794158
0.00694274
0.00673759
0.00729159
0.00703753
0.00576341
0.00793862
0.00696731
0.00674125
0.00734182
0.00574828
0.00758473
0.00728473
0.0067226
0.00729944
0.00707595
0.00738983
0.0057655
0.00791249
0.0069327
0.00674177
0.00733053
0.00702663
0.00576728
0.00790005
0.00694625
0.0067499
0.00735011
0.00700632
0.00660343
0.00722036
0.00728149
0.00718279
0.00715106
0.00720981
0.00575476
0.00792879
0.00695442
0.00673243
0.00737234
0.00574902
0.00760612
0.00725192
0.00670951
0.00730055
0.00707387
0.00740486
0.00575538
0.00792991
0.00692536
0.00677215
0.00734566
0.00576837
0.00759448
0.00731627
0.00682338
0.00730664
0.00706261
0.00686973
0.0068826
0.00806647
0.00573477
0.00811422
0.00574892
0.00690608
0.00762962
0.00697912
0.00726155
0.00711543
0.00732805
0.00573799
0.00758223
0.00731879
0.00678061
0.00728317
0.00708609
0.00685918
0.00687494
0.00731209
0.00711464
0.0072843
0.00707139
0.00736505
0.00577013
0.00798147
0.00688191
0.00675535
0.00732636
0.00702188
0.00679568
0.00744592
0.00715622
0.00729947
0.0072314
0.00693053
0.00675824
0.00732284
0.00725848
0.00721999
0.00723331
0.00718784
0.0057581
0.00802593
0.00689756
0.00677619
0.00734311
0.00575008
0.00764686
0.00697158
0.00573078
0.00851471
0.00574337
0.00680815
0.00831409
0.00574683
0.00782344
0.00677055
0.00708423
0.00738751
0.00574707
0.00799838
0.00688512
0.00677963
0.00734843
0.00572727
0.00765303
0.00728007
0.00680591
0.00734721
0.00723936
0.00717587
0.00575729
0.00801617
0.00687002
0.00677576
0.00735482
0.00577574
0.0076394
0.00729049
0.00680348
0.00733712
0.00722988
0.0057543
0.00795096
0.00714863
0.00666622
0.0073287
0.00716524
0.00717568
0.0057478
0.00797427
0.00686058
0.00679902
0.00736586
0.00573722
0.00768579
0.00717803
0.0067637
0.00735179
0.00704014
0.00684364
0.00700677
0.00735656
0.00713483
0.0073297
0.00707389
0.00735406
0.00574953
0.00804953
0.00673667
0.00677763
0.00718246
0.00574992
0.00785896
0.00703099
0.00669033
0.00734547
0.00708492
0.00687557
0.00692102
0.00733372
0.0071335
0.0071716
0.00715382
0.00720371
0.00575974
0.00805339
0.00680934
0.00681695
0.00737712
0.00579447
0.00773902
0.00715094
0.00676778
0.00730328
0.00720434
0.00575327
0.0080001
0.00709091
0.00667077
0.00732329
0.00722213
0.00687707
0.00675445
0.00745201
0.00718691
0.00730034
0.00724026
0.00690642
0.00678849
0.00745343
0.00715936
0.0073008
0.00719794
0.00738491
0.00571762
0.0082267
0.00572578
0.00657628
0.00856217
0.00574954
0.00739678
0.00728241
0.00701349
0.00741642
0.00720125
0.00574758
0.00806562
0.00709863
0.00674284
0.00731958
0.00709694
0.00803283
0.00573952
0.00798243
0.00693322
0.00695558
0.00742096
0.00576552
0.00805539
0.00709042
0.00740016
0.00585309
0.00876631
0.00573699
0.00740881
0.00741729
0.00706857
0.00737209
0.00706868
0.00676964
0.0074334
0.00734799
0.00720846
0.00739205
0.0072606
0.00577049
0.0080039
0.00702956
0.00671392
0.00762775
0.00575702
0.00753829
0.00750757
0.00700895
0.00737568
0.00724618
0.00735608
0.00574965
0.00804133
0.00703637
0.00672607
0.0073275
0.00722977
0.00573031
0.00805907
0.00703722
0.00673258
0.00734717
0.00705813
0.00809839
0.00573334
0.00803871
0.00687727
0.00702755
0.00736633
0.00574726
0.00808488
0.00704225
0.00674667
0.00732592
0.00723326
0.00576914
0.00805897
0.00701092
0.0067854
0.00731547
0.00702255
0.00809078
0.00574585
0.00801652
0.00686317
0.00703429
0.00739321
0.00575789
0.00804919
0.007029
0.00672037
0.00734784
0.0072119
0.00575202
0.00806072
0.00701117
0.00674912
0.00730962
0.00703275
0.00676309
0.00747254
0.00733645
0.00718444
0.0073779
0.00719972
0.00576925
0.00811631
0.0070202
0.00674304
0.00732892
0.00721032
0.00571563
0.0080946
0.00710969
0.00692075
0.00737438
0.00701889
0.00678612
0.00728331
0.00742463
0.00662421
0.00597538
0.00914537
0.00574845
0.00737309
0.0073241
0.0070926
0.00734068
0.00704999
0.00675575
0.00742128
0.00721945
0.00732255
0.0072403
0.00737543
0.00573199
0.00811861
0.0069769
0.00738264
0.00592948
0.0091491
0.00575924
0.007392
0.00730542
0.00706853
0.00734444
0.00703221
0.006923
0.00744048
